# The following items have a location which has been destroyed during an audit
# However, they were erroneously marked as *location=Periodical, so are now being fixed up during import
# This list was identified using:
# 
# SELECT id FROM catalogue_processed
# WHERE
# 	id IN(		/* temp_articletitles as of May 2018, representing actual title-mismatched records - 59 but reduces by 49 from 1471 to 1722 */
# 		SELECT id
# 		FROM `temp_articletitles`
# 		WHERE id NOT IN (		
# 			2937, 3845, 3897, 3939, 3957, 3958, 4011, 4081, 4137, 4364,
# 			5685, 7508, 8806, 8811, 8814, 8815, 9712, 17891, 18761, 19758,
# 			27155, 27428, 28522, 28869, 29771, 31000, 31150, 31209, 31301, 32893,
# 			32913, 34395, 35342, 35602, 35706, 36461, 36500, 37382, 39491, 39793,
# 			41036, 43358, 44064, 45611, 45717, 49059, 52058, 52396, 61838, 62256,
# 			67777, 69739, 71258, 94998, 95304, 104802, 118057, 147274, 215870
# 		)
# 	)
# 	AND field = 'location'
# 	AND value = 'Periodical'
# ;
# 
1886
10189
10892
12649
17666
39465
40928
43061
43105
46677
48182
48183
49652
51059
54966
54977
56216
56217
57940
59125
62524
62890
63222
63257
65295
66962
67608
69696
69942
70361
70734
71669
73683
73689
73781
73819
74222
74262
74265
74553
74986
75018
75288
75616
76176
76542
76808
76813
76815
77310
77545
77742
77763
78265
78293
78766
78853
78859
78861
78862
78865
78869
78890
78900
78989
78990
78991
78993
78994
78999
79277
79635
79638
79639
79649
79671
79682
79683
79684
79694
79699
79700
79759
79766
79769
79770
79777
79781
79783
80054
80100
80130
80154
80161
80270
80507
80509
80510
80664
80669
80670
80671
80672
80920
80922
80923
80924
80925
80984
80985
80991
80995
80996
80997
80998
81071
81170
81635
81636
81641
81836
81847
81848
82158
82159
82698
82782
82783
83309
83931
84453
84583
84592
84830
84927
84928
84939
85459
85460
85462
86261
86263
86511
86523
86524
86526
86542
86845
86861
86863
86864
87346
87595
87631
87822
87878
88123
88124
88247
88275
88653
88655
88711
88777
88778
89127
89135
89179
89181
89182
89485
90186
91003
91034
91037
91039
91040
91041
91044
91072
91316
91392
91393
91417
91964
91965
91972
91974
92067
92173
92402
92403
92566
92568
92569
92826
92988
93268
93299
93305
93568
93766
93821
93835
93928
94635
94656
94725
94803
94840
95251
95313
95365
95367
95573
95574
95791
95794
95795
95923
96095
96778
96835
96906
96907
97043
97044
97045
97046
97051
97097
97224
97245
97335
97336
97338
97560
97561
97599
97639
97758
97759
97978
97979
98046
98232
98589
98592
98593
98629
98630
98632
98639
98681
98871
98877
98938
99158
99159
99190
99418
99691
99692
99693
99694
99742
99745
99785
99789
99930
99937
99947
99950
99954
99955
99958
99959
99969
99970
100190
100340
100519
100734
100804
100886
100887
100982
100983
101134
101135
101141
101245
101290
101320
101323
101365
101394
101451
101453
101734
101770
101800
101803
102003
102028
102048
103071
103072
103292
103295
103323
104332
104334
104337
104338
104342
104343
104348
104349
104350
104351
104353
104354
104356
104357
104358
104698
104699
104700
104727
105566
105567
105568
105570
105592
105593
105609
105611
105612
105702
105705
105721
105935
105936
105939
105940
105941
105942
105943
105944
105945
105950
106129
106165
106170
106191
106209
106219
106220
106222
106226
106229
106231
106252
106264
106271
106272
106438
106455
106467
106471
106472
106473
106482
106669
106695
106696
106698
106739
106740
106741
106744
106745
106747
106748
106754
106756
106979
106982
107041
107279
107280
107282
107290
107293
107296
107535
107598
107631
107662
107663
107726
107744
108080
108143
108323
108403
108529
108560
109005
109708
109740
110143
110247
110309
110313
110315
110468
110469
110470
110471
110480
110486
110487
110492
110499
110500
110505
110840
110845
110848
110849
110850
110855
110856
110871
111133
111134
111195
111238
111241
111255
111256
111258
111259
111260
111381
111384
111388
111446
111461
111462
111463
111465
111466
111469
111481
111882
111899
111904
111905
111916
111917
112375
112724
112872
112879
112880
112986
113292
113298
113323
113373
113374
113375
113376
113377
113378
113539
113550
113560
113569
113573
113671
113744
113752
113772
113797
113798
113800
113803
113820
113885
113888
113889
114091
114092
114102
114104
114114
114132
114172
114178
114184
114185
114268
114273
114442
114444
114496
114705
115218
115981
116381
116382
116401
116838
116955
117001
117003
117068
117261
117262
117546
117559
117624
117634
117657
117682
117684
117686
117696
117697
117698
117701
117703
117727
117737
117788
117836
117837
117839
117844
117889
117890
117923
117924
117925
117926
118006
118189
118190
118193
118221
118224
118546
118583
118792
118804
118805
118806
118844
119366
119367
119369
119430
119431
119439
119487
119623
119625
119632
119633
119634
119673
119733
119910
119914
119924
119933
119943
119948
119952
119966
120057
120060
120107
120161
120177
120178
120186
120187
120189
120190
120192
120324
120326
120372
120374
120432
120528
120550
120551
120605
120608
120612
120614
120615
120616
120689
120847
120854
120869
120878
120900
120907
121128
121129
121177
121267
122095
122101
122105
122106
122731
122850
122851
122855
122968
123015
123040
123043
123044
123048
123049
123056
123094
123095
123377
123384
123386
123402
123698
123825
123888
123889
123890
123891
123896
123978
123981
123987
123989
123991
124000
124007
124059
124098
124130
124269
124270
124277
124279
124283
124284
124285
124292
124334
124391
124501
124502
124503
124505
124507
124710
124711
124714
124716
124791
125159
125164
125217
125308
125327
125328
125329
125538
125543
125569
125588
125589
125590
125728
125854
125879
125886
125964
126093
126095
126104
126136
126156
126157
126196
126235
126236
126261
126262
126264
126265
126266
126267
126268
126269
126380
126388
126389
126447
126449
126460
126467
126500
126501
126512
126515
126608
126673
126681
126682
126744
126745
126750
126926
127070
127071
127075
127664
127887
128154
128483
128504
128505
128509
128527
128613
128655
128904
128906
128907
128912
128917
128918
128919
128926
128927
128936
129082
129098
129099
129100
129117
129119
129306
129307
129308
129309
129310
129312
129314
129315
129319
129321
129322
129323
129324
129325
129337
129341
129349
129405
129406
129407
129409
129410
129416
129536
129636
129641
129731
129732
129739
129740
129747
129761
129762
129767
129773
129975
129976
129995
129996
130006
130025
130026
130028
130029
130030
130262
130328
130331
130337
130338
130348
130394
130401
130433
130439
130441
130442
130445
130446
130449
130458
130459
130466
130585
130586
130590
130591
130609
130616
130617
130618
130640
130650
130658
130667
130676
130712
130713
130714
130715
130716
130717
130720
130733
130857
130859
130891
130893
131073
131075
131079
131085
131090
131091
131093
131100
131116
131117
131121
131124
131133
131159
131333
131339
131547
131662
131676
131680
131697
132053
132316
132330
132394
132610
133254
133288
133293
133294
133311
133327
133329
133336
133338
133602
133605
133764
133765
133766
133891
133959
133960
134007
134042
134050
134051
134084
134088
134089
134238
134270
134305
134368
134509
134920
135020
135046
135050
135052
135088
135104
135109
135137
135138
135156
135194
135222
135337
135338
135443
135548
135769
135777
135791
135801
136308
136326
136327
136840
136887
137156
137943
138042
138046
138048
138103
138133
138213
138214
138235
138306
138518
138703
138706
138707
138739
138883
138911
138914
139433
139516
139523
139857
139858
139863
139865
139869
139885
140116
140158
140474
140518
141169
141170
141941
142083
142196
142197
142199
142239
142250
142527
142550
142873
142891
142944
143432
143433
143506
143507
143528
143531
143533
143535
143705
143751
143755
144079
144207
144222
144326
144327
144328
144332
144363
144388
144477
144480
144482
144486
144526
144759
144778
144996
145081
145232
145413
145427
145980
146013
146193
146561
146620
146678
146784
146785
146793
146889
146895
147075
147082
147270
147279
147328
147329
147372
147376
147385
147747
147832
148035
148039
148055
148056
148057
148063
148083
148084
148141
148142
148143
148148
148185
148216
148217
148241
148434
148595
148642
148667
148716
148736
149411
149424
149463
150019
150178
150284
150435
150438
150591
150594
150734
151341
151387
151810
151811
151815
151832
151836
151871
152086
152094
152389
152407
152410
152411
152570
152668
152784
152795
152838
152839
152852
152853
152854
152855
152856
152917
152932
152999
153019
153205
153387
153678
153788
153839
153977
154044
154273
154472
154626
154686
154705
154717
154809
155076
155119
155189
155468
155690
155753
155789
156022
156054
156204
156541
156593
156785
156786
156911
157053
157065
157172
157503
158007
158143
158525
158549
158550
158587
158867
158913
158929
158935
159117
159131
159434
159688
159697
159719
159744
159753
159790
159979
159982
160816
161029
161041
161045
161060
161065
161088
161101
161150
161156
161160
161161
161162
161163
161171
161198
161199
161211
161251
161333
161376
161383
161384
161388
161389
161412
161413
161434
161436
161437
161477
161599
161743
161762
161766
161830
161831
161832
161836
161879
161880
161934
161978
162018
162038
162042
162089
162115
162160
162161
162163
162173
162180
162201
162204
162208
162240
162241
162255
162281
162283
162482
162484
162487
162533
162534
162535
162540
162569
162586
162601
162602
162605
162606
162607
162608
162615
162618
162619
162621
162630
162631
162633
162642
162645
162661
162686
162692
162693
162699
162718
162722
162723
162725
162727
162732
162748
162777
162780
162810
162820
162826
162899
162914
162966
163031
163072
163132
163146
164077
164078
164080
164189
164283
164284
164411
164431
164476
164488
164490
164715
165717
165834
165848
165939
166001
166031
166113
166182
166186
166655
166735
166762
166769
166770
166774
166848
166853
166876
167344
167348
167411
167597
167605
167624
168014
168171
168172
168179
168218
168774
168843
168898
169133
169256
169348
169543
169546
169810
169832
169932
169937
170064
170270
170674
170675
170678
170753
170766
170910
170911
170912
170913
170916
170957
171446
171462
171923
172582
172708
172870
172997
173051
173057
173083
173097
173148
173991
174016
174546
174682
174685
177768
177776
178507
178508
178509
178510
178549
179151
179190
180478
182272
182560
182795
182797
182860
182897
182966
182986
183447
183450
183492
186020
186077
186082
186083
186084
186085
186159
186358
186453
186558
186579
186581
186589
186632
186691
186698
186712
187205
188150
188159
188182
188183
190139
190141
190161
190162
190824
191161
191521
192005
192022
192037
192039
192388
192454
193323
193324
193327
193329
194041
194357
195608
196164
196444
196863
196864
196865
196930
196948
198075
198171
198178
198450
198451
198452
199520
199521
200524
205624
209656
209658
212068